8606
9478
9356
8830
8210
7978
7594
7260
5994
4081
2890
1304
-2253
-9741
-16723
-18253
-16187
-17704
-20524
-19612
-11807
-2871
2865
6942
10840
15458
17324
16815
14426
11850
6708
488
-4092
-5843
-7291
-9315
-10838
-11532
-10164
-7983
-6050
-6228
-6595
-6128
-3992
-1485
576
2279
4603
7752
10330
12319
13413
13131
10059
5935
2148
-1309
-5696
-10702
-14500
-15955
-15021
-13088
-10192
-6847
-3170
550
4219
7106
8455
8563
7427
5588
3623
1997
-386
-3310
-5056
-5738
-6293
-6260
-5907
-6187
-6378
-5265
-3599
-2543
-1354
-43
1031
2356
3954
4581
3905
2985
1933
437
-1175
-2670
-4199
-5239
-5287
-4554
-3351
-1662
187
1912
3670
5228
6081
6174
5805
5153
4131
2700
1074
-231
-1055
-1973
-2499
-2187
-1318
-653
639
2309
3720
4820
6538
7858
8602
9381
9686
9618
9639
9832
9148
8431
7928
6877
5109
3556
2024
-854
-8383
-16971
-19412
-16943
-18070
-21952
-22202
-14761
-5193
1241
6023
10299
15401
17947
18030
16261
14147
9055
1979
-3195
-5307
-7029
-9481
-11273
-12448
-11660
-9368
-6826
-6500
-7162
-6985
-4799
-1909
372
1984
4228
7406
10172
12365
13997
14253
11408
7189
3348
-29
-4415
-9731
-14204
-16457
-16177
-14491
-11610
-8261
-4688
-943
3254
7281
9476
9370
8117
6916
5220
3207
1154
-1772
-5023
-6690
-6786
-6738
-7085
-7291
-7456
-6828
-4619
-2301
-1191
-171
1444
3048
4454
5456
5121
3511
2002
812
-771
-2720
-4369
-5674
-6295
-5671
-4174
-2561
-744
1240
3303
5320
6816
7221
6870
6246
5178
3687
1994
282
-1201
-2294
-2874
-2793
-1976
-1132
76
1820
3843
5123
6303
7748
8773
9320
9853
10409
10158
9650
9126
8889
8210
7391
5142
3535
1986
40
-5200
-14303
-19573
-18024
-17098
-20203
-22073
-17713
-7939
-584
4938
8993
14123
17754
18384
16901
14805
11363
4515
-1838
-5395
-6767
-9097
-10937
-12439
-12279
-10424
-7571
-6103
-6380
-6322
-4980
-2230
166
2082
3859
6622
9368
11501
13143
14062
12479
8446
4320
799
-3055
-8068
-12780
-15888
-16450
-15230
-12671
-9241
-5752
-2127
1687
5828
8631
9418
8136
6471
5300
4047
1967
-622
-2935
-4554
-5081
-5077
-5094
-5573
-6037
-6154
-5269
-3800
-2514
-1874
-1036
539
2450
3824
4169
3711
2775
1845
747
-726
-2398
-3681
-4531
-4571
-3720
-2330
-912
544
2197
3889
5205
5726
5596
5113
4421
3448
2166
769
-356
-1231
-1894
-2071
-1590
-1024
-225
1092
2618
4181
5626
6842
7922
8705
8829
9313
9855
9942
9220
8438
8146
7935
6932
5492
3441
1026
-880
-6881
-15770
-19850
-17305
-17577
-21112
-21832
-15094
-5508
1074
5901
9773
15237
18362
18200
15714
13833
9615
2405
-3373
-5711
-7240
-9851
-11488
-12444
-11596
-9410
-6824
-6187
-6403
-5979
-4184
-1595
654
2296
4203
7196
9870
11800
13173
13631
11206
7133
3302
-131
-4407
-9540
-13797
-16136
-16001
-14506
-11720
-8246
-4422
-550
3450
7418
9691
9577
7909
6738
5207
2471
-67
-1708
-3528
-4994
-5493
-5538
-5761
-6022
-6069
-6218
-5615
-4377
-3166
-2121
-403
1479
3043
4262
4874
4541
3443
2148
385
-1583
-3209
-4335
-5173
-5201
-4325
-2888
-1149
726
2540
4075
5267
5792
5802
5423
4592
3193
1784
631
-429
-1360
-1792
-1967
-1672
-718
541
1779
3121
4744
5947
6720
7686
9076
9521
9330
9794
10436
9570
8583
8184
7662
6019
4314
2454
49
-3666
-11241
-18490
-19002
-16806
-19065
-21981
-19615
-10361
-2376
3141
7766
12485
16825
18327
17622
15344
12634
6584
-297
-4669
-6196
-8515
-11149
-12538
-12623
-11202
-8692
-6438
-6210
-6132
-4955
-2442
38
2083
3721
5898
8612
10855
12414
13363
12568
9126
5059
1600
-1951
-6813
-11635
-14996
-16257
-15610
-13517
-10189
-6582
-2737
1069
5147
8335
9471
8489
6879
5702
4026
1554
-836
-2814
-4337
-5158
-5295
-5048
-5282
-5522
-5456
-4774
-3719
-2660
-1994
-1207
238
1807
2925
3416
3256
2668
1856
810
-614
-2190
-3327
-4017
-4200
-3630
-2379
-955
586
2314
4034
5163
5627
5564
5170
4412
3354
1897
488
-535
-1262
-1841
-1918
-1309
-565
270
1778
3574
4916
6131
7304
8256
8712
9011
9492
10151
9960
8958
8472
8464
7736
5815
4332
2719
494
-4357
-13142
-19059
-17811
-16968
-20385
-22702
-18376
-8894
-1712
3798
8506
13663
17469
18371
17340
15482
12153
5189
-1404
-4918
-6557
-9222
-11445
-12609
-12485
-10778
-7987
-6065
-5873
-5738
-4492
-1917
609
2471
3950
6262
8891
10970
12573
13489
12090
8481
4638
1317
-2494
-7349
-11942
-15151
-16106
-15300
-12858
-9425
-5746
-2076
1843
6227
9473
10263
8908
7430
6181
4152
990
-2097
-4164
-5459
-6706
-6659
-5888
-5563
-5444
-4896
-3517
-2260
-1089
-531
-7
1002
2549
3165
3006
2683
2033
895
-233
-1336
-2821
-4000
-4457
-4134
-3320
-1829
-218
1467
3244
4997
6023
6216
5910
5257
4196
2837
1361
-181
-1266
-1941
-2236
-2121
-1216
-215
776
2425
4348
5870
6963
7932
8314
8711
9126
9718
9900
8883
8250
8388
8201
7215
5698
4350
2498
-170
-5528
-13661
-18841
-17995
-18091
-21066
-22100
-17111
-8013
-1031
4774
9480
14660
18054
18566
16998
14761
10847
3829
-2400
-5861
-7699
-10193
-11934
-12674
-12043
-10133
-7475
-5776
-5369
-5094
-3920
-1656
711
2472
3980
6379
8948
11017
12473
13068
11409
7939
4115
497
-3624
-8434
-12744
-15620
-16272
-15208
-12546
-8929
-4975
-1185
2597
6458
8956
9082
7563
6196
4714
2457
116
-1780
-3521
-4779
-5350
-5136
-4873
-4962
-5087
-4844
-4025
-2898
-1952
-1349
-379
991
2145
2726
2930
2508
1583
586
-339
-1561
-2786
-3605
-3817
-3480
-2541
-1263
159
1658
3221
4511
5238
5413
5154
4511
3638
2447
946
-453
-1298
-1841
-2221
-2084
-1313
-388
886
2525
3923
5418
6829
7725
8343
9036
8722
8706
9438
9320
7987
7117
6924
6798
5228
4053
2218
-285
-5277
-13697
-18487
-17234
-16953
-20774
-22456
-17176
-7497
-998
4291
8899
14176
17463
18045
16774
14621
10543
3263
-2754
-5899
-7505
-10337
-12165
-12829
-11995
-10025
-7132
-5336
-5062
-4920
-3653
-1172
999
2509
3705
5986
8425
10466
11929
12546
10895
7388
3761
525
-3391
-8227
-12553
-15272
-15881
-14836
-12125
-8521
-4754
-1130
2868
7116
9844
9792
8028
6809
5253
1855
-1234
-2906
-4590
-6451
-6827
-5987
-5265
-4758
-4276
-3803
-3069
-1792
-842
-303
310
1203
2053
2721
2900
2448
1338
170
-891
-2088
-3214
-4028
-4230
-3881
-2784
-1237
624
2355
3863
5190
6016
6099
5640
4816
3490
1952
443
-780
-1697
-2180
-2392
-2074
-1046
169
1593
3390
5107
6184
7273
8331
9029
9081
9149
9444
9493
8956
8457
7942
7436
6503
5194
3526
1333
-2389
-10020
-17743
-19141
-17413
-19725
-22507
-20744
-12182
-3675
2513
7693
12800
17410
18625
17874
15991
13353
6835
-529
-5233
-7076
-9297
-11614
-12670
-12510
-11063
-8701
-6195
-5086
-4824
-4541
-2708
-96
2233
3655
5528
8042
10378
12114
13154
12479
9434
5488
1575
-2191
-6727
-11228
-14794
-16318
-15818
-13628
-9946
-5893
-1927
1732
5974
9644
11284
10118
7884
5766
3199
405
-1896
-4235
-6290
-7005
-6704
-5566
-4799
-4282
-4273
-3558
-2243
-1043
-463
-16
679
1543
2673
3188
2948
1932
775
-487
-1593
-2672
-3758
-4558
-4380
-3367
-1858
-37
1809
3326
4588
5698
6121
5757
4926
3838
2379
1005
-94
-1058
-1859
-2212
-2106
-1636
-458
795
2008
3390
4867
6060
7291
8260
8724
8816
9026
9461
9683
9533
8541
8092
7736
6730
5298
3870
1744
-864
-7154
-15721
-19806
-17812
-17779
-21113
-21975
-15650
-5603
1145
6456
10756
15955
18346
18115
16104
13962
9252
1590
-4433
-7103
-8241
-10554
-12110
-12759
-11551
-9492
-6787
-5263
-4873
-4863
-3649
-1097
1558
3475
5062
7406
9698
11623
12842
12900
10379
6210
1882
-1793
-5826
-10400
-14232
-16271
-16134
-14299
-10685
-6417
-2386
1160
4778
8481
10633
10518
8421
5919
3405
1082
-1326
-3417
-5257
-6624
-6755
-6072
-4907
-4448
-4646
-4938
-3809
-2127
-938
-279
440
1319
2660
3759
3774
2914
1461
-40
-1607
-2698
-3638
-4500
-4999
-4357
-2838
-928
993
2540
3727
4862
5695
5737
5229
4441
3069
1446
238
-510
-1403
-2163
-2421
-2027
-1293
-75
1189
2512
3920
5117
6255
7496
8201
8159
7987
8456
9345
9171
8453
7947
7987
7391
6714
5328
3634
1235
-1156
-7100
-15987
-20032
-17969
-18016
-21125
-21529
-15017
-5047
1709
6709
10592
16044
18511
17581
14897
12986
8544
945
-5006
-7387
-8207
-10303
-11789
-12410
-10952
-8908
-6700
-5653
-5054
-4863
-3808
-1404
1387
3600
5470
7930
10162
12063
13095
12808
9971
5622
1087
-2886
-7016
-11336
-14759
-16396
-15806
-13587
-9725
-5358
-1200
2248
5524
8575
10233
9773
7118
4368
2369
688
-1739
-3656
-4779
-5424
-5524
-4946
-4097
-4029
-4408
-4809
-4089
-2560
-1105
-685
-37
1383
3086
3802
3638
2947
1562
-16
-1530
-2532
-3410
-4080
-4449
-3765
-2091
-78
1502
2722
3884
4936
5489
5342
4853
4021
2817
1378
399
-214
-1028
-1902
-1993
-1501
-885
173
1424
2607
4118
5779
6823
7739
8599
8754
8736
8960
9185
9128
8745
8221
7438
6944
6204
5418
3260
940
-3807
-12506
-19417
-18718
-17471
-20512
-22746
-19370
-9139
-907
5431
9417
14513
18235
18649
16779
14588
11327
3798
-3163
-6934
-7582
-9332
-10896
-12223
-11671
-9847
-7323
-5661
-5204
-5302
-4994
-2756
297
3147
5035
7511
9913
12126
13606
14157
12074
7637
2565
-1800
-5710
-10033
-13928
-16477
-16513
-14685
-10963
-6375
-1941
1522
4552
7950
10361
10571
8712
5983
3096
901
-885
-2771
-4358
-5717
-6214
-5775
-4673
-3923
-4103
-4433
-4128
-2922
-1301
151
755
1308
2503
3724
3933
3416
2040
142
-1620
-2763
-3470
-4041
-4223
-4039
-2824
-807
1484
2971
3990
4824
5440
5486
5178
4539
3347
1789
394
-338
-775
-1366
-2024
-1917
-1061
16
1203
2817
4137
5114
6445
7962
8469
8654
8831
9260
9218
9290
9168
8953
7938
7106
6028
4859
3233
435
-4114
-12552
-19566
-19972
-17796
-19480
-21481
-19051
-9426
-535
6049
10140
14363
17849
17836
15975
13509
10784
3864
-3177
-7453
-7991
-8864
-10084
-11497
-11536
-10108
-7947
-6059
-5397
-5406
-5386
-3251
106
3532
5904
8354
10554
12360
13500
13629
11644
7123
1487
-3435
-7099
-10632
-13957
-16137
-16036
-13994
-10182
-5452
-1037
2272
4728
7401
9686
10543
9054
6647
3844
1172
-765
-2626
-5004
-6683
-7675
-8138
-7295
-6166
-5352
-5214
-3969
-1984
196
1954
3132
3373
3591
4059
3669
2426
757
-1135
-3215
-4364
-4811
-4959
-4889
-4177
-3026
-1123
1238
3262
4430
5358
6010
6079
5638
4876
3611
1708
-86
-1324
-1852
-2365
-2872
-2762
-1729
-384
1177
2818
4361
5587
6429
7437
8312
8665
8443
8265
8675
8911
8377
7923
7605
7029
5951
4970
3345
1234
-2344
-9974
-18494
-20323
-17832
-18732
-21209
-20009
-11644
-2483
4661
9164
13105
16914
17588
15590
12961
10783
4959
-2281
-7173
-8240
-8691
-9346
-10416
-10965
-9991
-8079
-6194
-5466
-5490
-5814
-4365
-1293
2254
5043
7764
10148
11948
13096
13497
12033
7921
2186
-3199
-7115
-10523
-13571
-15672
-15745
-14024
-10381
-5663
-1092
2313
4584
6649
8706
9736
8882
6981
4920
2001
-1007
-2508
-3870
-6424
-8308
-8843
-8719
-7612
-6310
-5222
-4396
-2236
266
2309
3910
4835
4734
4329
3981
2973
1136
-936
-2979
-4859
-5604
-5667
-5289
-4793
-3609
-1971
442
2831
4625
5717
6400
6528
6220
5582
4430
2627
522
-1105
-1950
-2289
-2698
-2790
-2108
-817
672
2401
4176
5609
6649
7561
8244
8903
9335
9345
9197
9247
8532
7977
7686
7390
5789
4060
1782
-299
-5792
-14877
-20562
-19393
-18153
-20405
-21021
-15775
-5734
1560
7476
11476
16351
18160
16734
13891
11892
8138
876
-5038
-7845
-8337
-9389
-9781
-10538
-10102
-9228
-7407
-6111
-5455
-5722
-5152
-2526
997
4257
7068
10107
12127
13301
13459
12768
9793
4688
-1303
-6083
-9598
-12605
-14892
-15611
-14326
-11611
-7388
-2824
1311
3982
5856
7559
9073
9235
8033
6512
4874
3081
1676
200
-3191
-6960
-8300
-8640
-10192
-10836
-10114
-8881
-7022
-3187
655
3220
5393
7064
7569
7291
6494
4072
968
-1411
-3242
-5111
-6041
-6200
-6191
-5759
-4201
-2182
-165
1610
3268
4882
6188
6975
7073
6696
5507
3758
1674
-37
-1446
-2588
-3602
