2433.699006
441.891345
38.943551
36.444018
151.569675
118.718768
-53.309233
-64.411216
-103.507510
-76.742410
-53.079659
4.005294
-60.707220
47.922529
-33.637945
-14.708756
-33.077207
55.710103
7.411172
-8.683376
-8.590530
-21.021392
-25.427770
14.620226
12.969728
3.640598
0.880034
-14.029326
20.023057
7.782758
-0.709454
-31.018457
-6.234431
-24.776057
-23.029647
-18.733734
-23.415658
-14.845100
-31.996635
-14.272733
-4.818769
-7.852704
8.471813
-11.868468
6.303616
-10.565703
13.469503
-13.422856
3.188603
-4.317834
-5.860695
-7.732276
-4.886890
-1.807322
-6.249179
-15.997703
-18.067156
-15.525851
-8.379986
-3.044626
-2.260548
1.407020
-25.440554
-7.417452
-4.004391
6.699939
-17.708386
10.897782
3.174361
-23.994456
-6.478857
21.620739
-25.724100
-10.476396
8.810250
-8.426988
-17.773919
2.050294
-8.880385
-13.250729
3.527883
-6.191241
-9.064816
-2.339816
-1.203147
-1.923724
-2.774039
1.032304
-1.831570
-10.834313
4.606776
-1.250126
-11.794568
-10.917462
-5.641017
-12.766488
-16.451834
-10.937802
-12.140774
-9.502101
-11.872290
2.672502
4.271167
-7.471189
11.946570
3.271270
3.540597
7.088257
5.738024
-16.962884
-7.065666
-8.585837
8.440793
-12.606443
19.311930
-8.221243
-0.297909
-2.238409
9.131414
-5.616140
9.900936
-5.753746
-20.848283
21.973097
-24.277052
2.757480
6.090263
11.425878
-2.370668
21.580564
-25.363490
155.278395
154.317903
-16.026898
4.373791
6.306272
0.704226
-3.199908
5.337904
-14.945870
15.885053
-7.926050
-3.002061
18.866578
10.016456
-5.087407
-8.047543
16.787019
-16.225492
-8.135154
5.420333
-4.959908
-4.606315
-2.180979
-3.337835
-10.092570
1.800502
-5.603179
-3.178511
5.314564
-10.503075
2.867702
-2.605287
11.276845
1.198221
1.288287
-5.639416
10.643695
-0.181023
-3.346431
10.728278
-2.640876
-0.889718
-7.435385
2.640940
-3.888044
1.357608
-2.302155
1.763610
-4.881273
0.953050
-8.732779
-4.317356
7.658047
2.047772
-7.258961
11.394502
3.142026
-9.789621
9.368461
13.075964
-18.231023
-4.586367
19.727193
0.227901
-13.344487
5.281456
-3.088307
-12.421180
3.946220
14.763152
5.090122
-6.317680
4.195476
4.539476
-9.286805
0.083115
7.434560
-0.117999
0.005674
5.369285
-4.849080
-0.314119
5.009945
-2.668080
0.125460
1.853814
-1.590715
-11.183326
1.172002
7.059712
1.067153
-12.970012
19.092853
-5.648728
4.895368
1.960707
16.821666
-5.028945
13.194040
2.212236
-2.154436
10.021613
-8.039931
6.721117
-1.519374
-13.623505
0.239060
-21.683779
-3.449830
17.336293
-0.647690
10.206186
-2.653578
0.302608
-21.098852
-6.490683
4.317980
-17.858826
-22.898446
0.609015
-14.787399
-8.393681
10.373321
-16.051540
-16.574245
38.991278
-16.574245
-16.051540
10.373321
-8.393681
-14.787399
0.609015
-22.898446
-17.858826
4.317980
-6.490683
-21.098852
0.302608
-2.653578
10.206186
-0.647690
17.336293
-3.449830
-21.683779
0.239060
-13.623505
-1.519374
6.721117
-8.039931
10.021613
-2.154436
2.212236
13.194040
-5.028945
16.821666
1.960707
4.895368
-5.648728
19.092853
-12.970012
1.067153
7.059712
1.172002
-11.183326
-1.590715
1.853814
0.125460
-2.668080
5.009945
-0.314119
-4.849080
5.369285
0.005674
-0.117999
7.434560
0.083115
-9.286805
4.539476
4.195476
-6.317680
5.090122
14.763152
3.946220
-12.421180
-3.088307
5.281456
-13.344487
0.227901
19.727193
-4.586367
-18.231023
13.075964
9.368461
-9.789621
3.142026
11.394502
-7.258961
2.047772
7.658047
-4.317356
-8.732779
0.953050
-4.881273
1.763610
-2.302155
1.357608
-3.888044
2.640940
-7.435385
-0.889718
-2.640876
10.728278
-3.346431
-0.181023
10.643695
-5.639416
1.288287
1.198221
11.276845
-2.605287
2.867702
-10.503075
5.314564
-3.178511
-5.603179
1.800502
-10.092570
-3.337835
-2.180979
-4.606315
-4.959908
5.420333
-8.135154
-16.225492
16.787019
-8.047543
-5.087407
10.016456
18.866578
-3.002061
-7.926050
15.885053
-14.945870
5.337904
-3.199908
0.704226
6.306272
4.373791
-16.026898
154.317903
155.278395
-25.363490
21.580564
-2.370668
11.425878
6.090263
2.757480
-24.277052
21.973097
-20.848283
-5.753746
9.900936
-5.616140
9.131414
-2.238409
-0.297909
-8.221243
19.311930
-12.606443
8.440793
-8.585837
-7.065666
-16.962884
5.738024
7.088257
3.540597
3.271270
11.946570
-7.471189
4.271167
2.672502
-11.872290
-9.502101
-12.140774
-10.937802
-16.451834
-12.766488
-5.641017
-10.917462
-11.794568
-1.250126
4.606776
-10.834313
-1.831570
1.032304
-2.774039
-1.923724
-1.203147
-2.339816
-9.064816
-6.191241
3.527883
-13.250729
-8.880385
2.050294
-17.773919
-8.426988
8.810250
-10.476396
-25.724100
21.620739
-6.478857
-23.994456
3.174361
10.897782
-17.708386
6.699939
-4.004391
-7.417452
-25.440554
1.407020
-2.260548
-3.044626
-8.379986
-15.525851
-18.067156
-15.997703
-6.249179
-1.807322
-4.886890
-7.732276
-5.860695
-4.317834
3.188603
-13.422856
13.469503
-10.565703
6.303616
-11.868468
8.471813
-7.852704
-4.818769
-14.272733
-31.996635
-14.845100
-23.415658
-18.733734
-23.029647
-24.776057
-6.234431
-31.018457
-0.709454
7.782758
20.023057
-14.029326
0.880034
3.640598
12.969728
14.620226
-25.427770
-21.021392
-8.590530
-8.683376
7.411172
55.710103
-33.077207
-14.708756
-33.637945
47.922529
-60.707220
4.005294
-53.079659
-76.742410
-103.507510
-64.411216
-53.309233
118.718768
151.569675
36.444018
38.943551
441.891345
