7.789321
7.677183
7.438976
10.206852
10.777738
9.901078
7.971215
10.397183
10.812586
9.698345
8.208740
10.255527
10.544504
9.228963
8.759315
10.515106
10.609496
8.783330
9.893674
11.585982
11.591450
9.949447
10.717499
12.068712
11.884254
10.157646
9.269741
10.686965
10.420506
9.014969
10.035546
11.011001
10.490357
8.710165
10.499386
11.341853
10.703472
8.062783
9.918080
10.544786
9.633819
7.597252
8.614801
9.395628
8.252572
6.981004
8.293583
8.623993
7.216258
7.085371
8.149208
8.505608
6.617671
7.015451
8.049869
8.038605
6.426939
6.804483
8.121558
7.928447
6.507536
7.056841
7.942737
7.375219
6.442779
6.166874
7.806854
7.030115
6.289414
6.972053
7.897121
6.846164
6.444610
6.692216
8.001196
6.868193
6.460800
7.952649
8.549801
7.644465
6.275447
8.424907
8.885056
7.605902
7.504782
9.592367
9.857037
8.832965
8.055686
9.516005
9.563435
8.005284
7.906080
9.006052
8.975221
7.715260
7.860324
8.865148
8.558125
6.650499
8.084336
9.023687
8.608915
7.492572
8.395462
9.281429
8.715788
7.447665
8.842856
9.550833
8.820274
7.706813
8.844394
9.466072
8.709490
7.434129
8.852382
9.184453
7.963069
7.227712
8.714236
9.019408
8.022059
7.323260
8.938306
9.039969
7.807832
6.699163
8.715402
8.576117
7.093681
6.515690
8.010538
7.653531
5.504342
6.938593
7.984422
7.338943
6.695420
6.463779
7.732212
7.091717
6.054921
7.798907
8.200677
7.287845
7.335251
7.407840
7.547397
6.708014
5.809197
8.053211
8.184007
7.190522
7.420980
5.254130
7.752529
6.337166
6.504603
7.337361
7.497372
5.503600
5.668591
5.437819
6.400774
4.872884
5.803148
6.740629
6.652954
3.510879
5.575253
6.354786
6.224268
4.489925
6.194740
7.106946
6.053289
4.490100
6.268439
7.044006
6.321891
5.654563
6.170089
6.706558
6.048260
4.442609
6.459746
6.720726
6.460402
4.606492
6.516213
6.558243
6.225986
5.557023
6.521860
6.736367
6.276298
6.029418
6.492718
6.800659
5.856987
6.330825
6.594090
6.860236
5.934325
6.395327
6.476210
6.448202
5.926464
6.077660
6.606383
6.185045
6.209902
5.269494
5.928349
5.063281
5.827153
5.403614
6.086623
5.876248
6.062370
6.120231
6.530590
6.386175
5.451614
6.005400
6.466492
5.671724
5.055072
6.466592
6.872489
5.417147
6.151692
7.183989
7.437030
6.396394
6.468222
7.424239
7.422606
6.588868
5.294174
6.846292
7.033285
6.342008
6.134979
6.420356
6.477693
5.279983
5.289115
4.152591
5.376658
5.042017
5.131708
4.975591
5.049340
5.026302
5.017462
5.026302
5.049340
4.975591
5.131708
5.042017
5.376658
4.152591
5.289115
5.279983
6.477693
6.420356
6.134979
6.342008
7.033285
6.846292
5.294174
6.588868
7.422606
7.424239
6.468222
6.396394
7.437030
7.183989
6.151692
5.417147
6.872489
6.466592
5.055072
5.671724
6.466492
6.005400
5.451614
6.386175
6.530590
6.120231
6.062370
5.876248
6.086623
5.403614
5.827153
5.063281
5.928349
5.269494
6.209902
6.185045
6.606383
6.077660
5.926464
6.448202
6.476210
6.395327
5.934325
6.860236
6.594090
6.330825
5.856987
6.800659
6.492718
6.029418
6.276298
6.736367
6.521860
5.557023
6.225986
6.558243
6.516213
4.606492
6.460402
6.720726
6.459746
4.442609
6.048260
6.706558
6.170089
5.654563
6.321891
7.044006
6.268439
4.490100
6.053289
7.106946
6.194740
4.489925
6.224268
6.354786
5.575253
3.510879
6.652954
6.740629
5.803148
4.872884
6.400774
5.437819
5.668591
5.503600
7.497372
7.337361
6.504603
6.337166
7.752529
5.254130
7.420980
7.190522
8.184007
8.053211
5.809197
6.708014
7.547397
7.407840
7.335251
7.287845
8.200677
7.798907
6.054921
7.091717
7.732212
6.463779
6.695420
7.338943
7.984422
6.938593
5.504342
7.653531
8.010538
6.515690
7.093681
8.576117
8.715402
6.699163
7.807832
9.039969
8.938306
7.323260
8.022059
9.019408
8.714236
7.227712
7.963069
9.184453
8.852382
7.434129
8.709490
9.466072
8.844394
7.706813
8.820274
9.550833
8.842856
7.447665
8.715788
9.281429
8.395462
7.492572
8.608915
9.023687
8.084336
6.650499
8.558125
8.865148
7.860324
7.715260
8.975221
9.006052
7.906080
8.005284
9.563435
9.516005
8.055686
8.832965
9.857037
9.592367
7.504782
7.605902
8.885056
8.424907
6.275447
7.644465
8.549801
7.952649
6.460800
6.868193
8.001196
6.692216
6.444610
6.846164
7.897121
6.972053
6.289414
7.030115
7.806854
6.166874
6.442779
7.375219
7.942737
7.056841
6.507536
7.928447
8.121558
6.804483
6.426939
8.038605
8.049869
7.015451
6.617671
8.505608
8.149208
7.085371
7.216258
8.623993
8.293583
6.981004
8.252572
9.395628
8.614801
7.597252
9.633819
10.544786
9.918080
8.062783
10.703472
11.341853
10.499386
8.710165
10.490357
11.011001
10.035546
9.014969
10.420506
10.686965
9.269741
10.157646
11.884254
12.068712
10.717499
9.949447
11.591450
11.585982
9.893674
8.783330
10.609496
10.515106
8.759315
9.228963
10.544504
10.255527
8.208740
9.698345
10.812586
10.397183
7.971215
9.901078
10.777738
10.206852
7.438976
7.677183
