1.000000
0.982506
0.932212
0.854084
0.754390
0.640640
0.521889
0.407559
0.305996
0.223681
0.165057
0.132726
0.127094
0.146268
0.186125
0.241431
0.306375
0.374409
0.438213
0.491041
0.527559
0.543611
0.536223
0.504019
0.447718
0.370196
0.276272
0.171940
0.064081
-0.039859
-0.132427
-0.207284
-0.259914
-0.287552
-0.289243
-0.266494
-0.223444
-0.165815
-0.100068
-0.032998
0.028328
0.077211
0.108345
0.118573
0.106552
0.072407
0.017974
-0.053007
-0.135275
-0.222935
-0.309898
-0.389985
-0.457224
-0.506765
-0.535347
-0.541447
-0.525178
-0.488403
-0.434864
-0.369970
-0.300040
-0.231660
-0.171346
-0.124887
-0.096742
-0.089619
-0.104394
-0.139966
-0.193388
-0.260105
-0.334504
-0.410380
-0.481542
-0.542320
-0.587840
-0.614381
-0.619872
-0.604063
-0.568203
-0.515056
-0.448800
-0.374727
-0.298685
-0.226672
-0.164319
-0.116485
-0.086846
-0.077513
-0.088694
-0.118649
-0.164116
-0.220557
-0.282322
-0.343150
-0.397099
-0.438951
-0.464532
-0.471099
-0.457701
-0.425088
-0.375509
-0.312524
-0.240751
-0.165440
-0.091907
-0.025218
0.030149
0.070563
0.093655
0.098522
0.085758
0.057198
0.015941
-0.033598
-0.086056
-0.135889
-0.177932
-0.207521
-0.220792
-0.215254
-0.190335
-0.147212
-0.088559
-0.018324
0.058461
0.136237
0.209523
0.273442
0.324044
0.358488
0.375356
0.374783
0.358426
0.328925
0.289668
0.244677
0.198558
0.155903
0.120820
0.096774
0.086555
0.092098
0.114062
0.151742
0.203092
0.265076
0.333596
0.403618
0.469561
0.526234
0.569328
0.595384
0.601929
0.588158
0.555492
0.507020
0.446765
0.379308
0.309917
0.243962
0.186120
0.139797
0.107199
0.089382
0.086137
0.095941
0.116175
0.143704
0.175163
0.207039
0.235685
0.257886
0.271219
0.274059
0.265394
0.245021
0.213763
0.173372
0.126322
0.075566
0.024396
-0.023812
-0.065807
-0.098932
-0.121392
-0.132293
-0.131555
-0.120125
-0.100061
-0.074138
-0.045340
-0.016686
0.008771
0.028286
0.039820
0.042253
0.035273
0.019279
-0.004645
-0.034700
-0.068545
-0.103660
-0.137573
-0.167895
-0.192408
-0.209420
-0.217956
-0.217719
-0.209015
-0.192855
-0.170921
-0.145357
-0.118555
-0.093006
-0.071082
-0.054752
-0.045406
-0.043784
-0.049955
-0.063298
-0.082547
-0.105893
-0.131215
-0.156319
-0.179119
-0.197725
-0.210604
-0.216739
-0.215698
-0.207586
-0.193036
-0.173197
-0.149627
-0.124146
-0.098669
-0.075080
-0.055102
-0.040185
-0.031328
-0.028962
-0.032911
-0.042483
-0.056521
-0.073475
-0.091524
-0.108792
-0.123534
-0.134266
-0.139881
-0.139771
-0.133892
-0.122682
-0.106961
-0.087858
-0.066809
-0.045388
-0.025074
-0.007140
0.007323
0.017456
0.022774
0.023235
0.019176
0.011198
0.000190
-0.012633
-0.025838
-0.038032
-0.048003
-0.054699
-0.057224
-0.055031
-0.048115
-0.036946
-0.022297
-0.005172
0.013194
0.031437
0.048237
0.062497
0.073395
0.080401
0.083309
0.082291
0.077865
0.070758
0.061783
0.051839
0.041950
0.033103
0.026080
0.021449
0.019660
0.021021
0.025600
0.033152
0.043178
0.055045
0.067971
0.080998
0.093058
0.103201
0.110679
0.114915
0.115450
0.112177
0.105458
0.095969
0.084474
0.071807
0.058928
0.046822
0.036340
0.028030
0.022180
0.018874
0.018022
0.019293
0.022158
0.026025
0.030334
0.034519
0.037996
0.040303
0.041149
0.040381
0.037950
0.033915
0.028460
0.021918
0.014725
0.007328
0.000167
-0.006313
-0.011689
-0.015655
-0.018054
-0.018833
-0.018030
-0.015828
-0.012572
-0.008667
-0.004521
-0.000513
0.002973
0.005589
0.007087
0.007383
0.006498
0.004527
0.001635
-0.001933
-0.005870
-0.009867
-0.013638
-0.016937
-0.019526
-0.021234
-0.021992
-0.021823
-0.020787
-0.018980
-0.016581
-0.013843
-0.011037
-0.008404
-0.006151
-0.004452
-0.003441
-0.003194
-0.003695
-0.004860
-0.006560
-0.008623
-0.010844
-0.013020
-0.014972
-0.016550
-0.017629
-0.018122
-0.018001
-0.017302
-0.016098
-0.014493
-0.012611
-0.010590
-0.008589
-0.006757
-0.005218
-0.004063
-0.003357
-0.003114
-0.003305
-0.003872
-0.004735
-0.005787
-0.006897
-0.007933
-0.008789
-0.009393
-0.009688
-0.009643
-0.009256
-0.008559
-0.007615
-0.006501
-0.005298
-0.004091
-0.002957
-0.001962
-0.001156
-0.000578
-0.000248
-0.000167
-0.000310
-0.000639
-0.001106
-0.001652
-0.002210
-0.002719
-0.003123
-0.003377
-0.003442
-0.003302
-0.002967
-0.002465
-0.001831
-0.001107
-0.000339
0.000418
0.001113
0.001709
0.002186
0.002534
0.002751
0.002844
0.002830
0.002731
0.002574
0.002384
0.002184
0.001996
0.001837
0.001722
0.001666
0.001679
0.001766
0.001928
0.002158
0.002445
0.002771
0.003113
0.003449
0.003750
0.003991
0.004149
0.004210
0.004172
0.004041
0.003825
0.003539
0.003206
0.002849
0.002490
0.002145
0.001828
0.001543
0.001295
0.001084
0.000904
0.000750
0.000615
0.000491
0.000374
0.000262
0.000151
0.000039
-0.000073
-0.000183
-0.000288
-0.000386
-0.000474
-0.000548
-0.000605
-0.000646
-0.000669
-0.000674
-0.000663
-0.000637
-0.000600
-0.000555
-0.000504
-0.000449
-0.000394
-0.000343
-0.000294
-0.000251
-0.000214
-0.000181
-0.000155
-0.000132
-0.000112
-0.000093
-0.000074
-0.000054
-0.000035
-0.000018
-0.000004
0.000005
0.000008
0.000007
0.000000
