5.482424
5.486810
5.499872
5.521325
5.550698
5.587346
5.630457
5.679073
5.732109
5.788384
5.846647
5.905618
5.964027
6.020653
6.074366
6.124163
6.169203
6.208828
6.242576
6.270188
6.291594
6.306891
6.316312
6.320179
6.318860
6.312717
6.302055
6.287082
6.267879
6.244382
6.216379
6.183528
6.145389
6.101476
6.051314
5.994513
5.930833
5.860256
5.783038
5.699754
5.611312
5.518951
5.424209
5.328864
5.234857
5.144186
5.058797
4.980470
4.910697
4.850589
4.800790
4.761427
4.732092
4.711855
4.699326
4.692736
4.690064
4.689174
4.687972
4.684560
4.677388
4.665377
4.648019
4.625430
4.598370
4.568207
4.536839
4.506574
4.479975
4.459683
4.448228
4.447835
4.460254
4.486614
4.527309
4.581943
4.649316
4.727470
4.813787
4.905127
4.998010
5.088820
5.174016
5.250347
5.315045
5.365987
5.401819
5.422024
5.426942
5.417732
5.396284
5.365079
5.327026
5.285265
5.242964
5.203122
5.168389
5.140912
5.122227
5.113189
5.113955
5.124013
5.142258
5.167095
5.196582
5.228581
5.260910
5.291497
5.318505
5.340439
5.356210
5.365175
5.367124
5.362250
5.351075
5.334367
5.313037
5.288037
5.260267
5.230493
5.199292
5.167019
5.133806
5.099591
5.064163
5.027239
4.988536
4.947861
4.905187
4.860713
4.814910
4.768530
4.722596
4.678356
4.637207
4.600605
4.569949
4.546468
4.531106
4.524417
4.526489
4.536891
4.554657
4.578312
4.605925
4.635211
4.663651
4.688641
4.707650
4.718376
4.718900
4.707810
4.684304
4.648246
4.600191
4.541357
4.473563
4.399120
4.320702
4.241185
4.163482
4.090373
4.024346
3.967466
3.921264
3.886667
3.863973
3.852852
3.852406
3.861246
3.877605
3.899475
3.924738
3.951315
3.977293
4.001039
4.021286
4.037193
4.048366
4.054853
4.057106
4.055913
4.052315
4.047508
4.042738
4.039199
4.037941
4.039793
4.045306
4.054719
4.067947
4.084602
4.104021
4.125320
4.147464
4.169333
4.189802
4.207806
4.222410
4.232850
4.238578
4.239277
4.234864
4.225485
4.211491
4.193402
4.171875
4.147661
4.121564
4.094407
4.067002
4.040122
4.014492
3.990772
3.969560
3.951393
3.936748
3.926046
3.919659
3.917904
3.921041
3.929260
3.942666
3.961262
3.984924
4.013380
4.046189
4.082726
4.122175
4.163525
4.205583
4.246999
4.286297
4.321923
4.352300
4.375890
4.391264
4.397170
4.392600
4.376849
4.349568
4.310802
4.261012
4.201082
4.132303
4.056346
3.975212
3.891166
3.806658
3.724241
3.646468
3.575803
3.514520
3.464618
3.427740
3.405111
3.397482
3.405111
3.427740
3.464618
3.514520
3.575803
3.646468
3.724241
3.806658
3.891166
3.975212
4.056346
4.132303
4.201082
4.261012
4.310802
4.349568
4.376849
4.392600
4.397170
4.391264
4.375890
4.352300
4.321923
4.286297
4.246999
4.205583
4.163525
4.122175
4.082726
4.046189
4.013380
3.984924
3.961262
3.942666
3.929260
3.921041
3.917904
3.919659
3.926046
3.936748
3.951393
3.969560
3.990772
4.014492
4.040122
4.067002
4.094407
4.121564
4.147661
4.171875
4.193402
4.211491
4.225485
4.234864
4.239277
4.238578
4.232850
4.222410
4.207806
4.189802
4.169333
4.147464
4.125320
4.104021
4.084602
4.067947
4.054719
4.045306
4.039793
4.037941
4.039199
4.042738
4.047508
4.052315
4.055913
4.057106
4.054853
4.048366
4.037193
4.021286
4.001039
3.977293
3.951315
3.924738
3.899475
3.877605
3.861246
3.852406
3.852852
3.863973
3.886667
3.921264
3.967466
4.024346
4.090373
4.163482
4.241185
4.320702
4.399120
4.473563
4.541357
4.600191
4.648246
4.684304
4.707810
4.718900
4.718376
4.707650
4.688641
4.663651
4.635211
4.605925
4.578312
4.554657
4.536891
4.526489
4.524417
4.531106
4.546468
4.569949
4.600605
4.637207
4.678356
4.722596
4.768530
4.814910
4.860713
4.905187
4.947861
4.988536
5.027239
5.064163
5.099591
5.133806
5.167019
5.199292
5.230493
5.260267
5.288037
5.313037
5.334367
5.351075
5.362250
5.367124
5.365175
5.356210
5.340439
5.318505
5.291497
5.260910
5.228581
5.196582
5.167095
5.142258
5.124013
5.113955
5.113189
5.122227
5.140912
5.168389
5.203122
5.242964
5.285265
5.327026
5.365079
5.396284
5.417732
5.426942
5.422024
5.401819
5.365987
5.315045
5.250347
5.174016
5.088820
4.998010
4.905127
4.813787
4.727470
4.649316
4.581943
4.527309
4.486614
4.460254
4.447835
4.448228
4.459683
4.479975
4.506574
4.536839
4.568207
4.598370
4.625430
4.648019
4.665377
4.677388
4.684560
4.687972
4.689174
4.690064
4.692736
4.699326
4.711855
4.732092
4.761427
4.800790
4.850589
4.910697
4.980470
5.058797
5.144186
5.234857
5.328864
5.424209
5.518951
5.611312
5.699754
5.783038
5.860256
5.930833
5.994513
6.051314
6.101476
6.145389
6.183528
6.216379
6.244382
6.267879
6.287082
6.302055
6.312717
6.318860
6.320179
6.316312
6.306891
6.291594
6.270188
6.242576
6.208828
6.169203
6.124163
6.074366
6.020653
5.964027
5.905618
5.846647
5.788384
5.732109
5.679073
5.630457
5.587346
5.550698
5.521325
5.499872
5.486810
