688.480000
758.569577
749.781290
709.163120
661.366899
645.173348
617.022150
593.162615
492.848837
337.962967
241.236826
109.798309
-191.501115
-836.403013
-1451.535511
-1602.646911
-1438.591899
-1593.589134
-1872.212205
-1814.034814
-1107.961316
-273.462766
277.125411
682.209746
1082.747782
1569.956332
1789.694260
1767.555005
1543.495934
1290.888995
744.203614
55.151067
-471.197161
-685.684183
-872.119244
-1135.907306
-1347.543995
-1462.132934
-1314.263482
-1052.832926
-813.874481
-854.645691
-923.226670
-875.151266
-581.614240
-220.726870
87.344331
352.561346
726.440068
1248.036475
1696.488736
2063.678966
2291.839358
2288.337317
1787.765542
1075.664418
396.967522
-246.653295
-1094.217410
-2095.765720
-2894.315438
-3245.853827
-3114.138543
-2764.843173
-2193.636367
-1501.281803
-707.987168
125.106422
977.288718
1676.022493
2030.269235
2093.123219
1847.795778
1414.851934
933.423831
523.463120
-102.928108
-897.747601
-1394.612585
-1609.414144
-1794.593612
-1814.780467
-1740.597319
-1852.819886
-1940.883761
-1627.854267
-1130.424085
-811.313467
-438.716766
-14.148092
344.423434
799.014861
1361.140331
1600.495751
1384.474041
1073.790216
705.440384
161.772815
-441.164102
-1016.610480
-1621.113149
-2050.611499
-2097.758730
-1831.447588
-1365.763342
-686.398342
78.248485
810.506710
1575.849628
2273.579716
2678.068937
2753.164043
2620.796541
2355.071408
1910.995018
1264.085490
508.830947
-110.735363
-511.659242
-967.962837
-1240.082681
-1097.579120
-668.890976
-335.086176
331.511381
1210.952046
1971.981654
2582.353501
3539.764875
4298.874819
4754.536953
5238.138587
5463.170076
5479.123443
5545.469160
5711.924075
5366.059523
4992.890172
4739.529870
4149.776767
3111.511194
2185.560913
1255.259696
-534.391260
-5292.198120
-10807.773365
-12469.485130
-10976.794302
-11806.145466
-14462.616507
-14748.435660
-9885.741520
-3505.985964
844.541545
4131.223840
7119.295519
10728.195581
12596.948335
12750.437376
11584.914726
10152.821754
6545.585084
1440.802404
-2342.552397
-3918.219594
-5225.358278
-7096.126219
-8494.021404
-9441.527835
-8901.690417
-7198.046115
-5278.257639
-5057.747539
-5607.389260
-5502.229230
-3803.052784
-1521.810190
298.286943
1600.050414
3429.191857
6040.454096
8342.298614
10196.041075
11603.666013
11878.298031
9556.748081
6053.227020
2833.264239
-24.663131
-3773.071953
-8356.063181
-12254.641251
-14264.359098
-14085.663875
-12674.231628
-10199.192266
-7288.579618
-4153.757752
-839.025596
2907.085510
6530.928404
8533.350366
8470.554752
7365.678398
6299.186122
4771.771200
2942.085028
1062.372481
-1636.881151
-4655.505106
-6220.822436
-6330.259961
-6305.110848
-6650.031638
-6863.747194
-7039.449013
-6464.771902
-4385.337193
-2190.460705
-1136.744804
-163.624492
1385.125302
2930.726187
4292.573240
5270.088969
4957.279066
3405.911869
1946.030602
790.849274
-752.338523
-2658.999393
-4278.494886
-5565.795086
-6184.887979
-5580.374257
-4113.325634
-2527.298986
-735.183653
1226.845716
3271.837517
5275.689584
6766.299514
7175.342386
6832.746471
6217.323927
5158.176375
3675.442278
1988.994892
281.448799
-1199.236464
-2291.587879
-2871.976763
-2791.810442
-1975.570584
-1131.911435
75.999339
1819.984178
3842.699333
5121.886690
6300.315508
7742.545567
8763.775268
9306.314609
9833.741211
10382.872535
10126.157488
9613.055623
9084.101530
8840.798163
8158.089044
7337.106765
5099.172150
3501.648690
1964.931929
39.526003
-5131.571545
-14095.087817
-19260.212544
-17708.724532
-16771.935914
-19784.488940
-21577.975590
-17284.270125
-7732.207373
-567.673263
4790.200173
8705.489287
13641.764389
17110.540032
17676.663458
16211.913252
14166.436312
10845.366253
4298.100861
-1745.020515
-5108.002990
-6388.941989
-8563.915543
-10265.546370
-11639.844738
-11454.356331
-9692.952627
-7017.087231
-5637.632993
-5873.428445
-5799.769738
-4552.379421
-2031.114091
150.634793
1882.144610
3475.115984
5939.817043
8369.261542
10232.909209
11645.229977
12406.731217
10962.594340
7387.106503
3761.517459
692.545599
-2635.731415
-6928.035941
-10921.825496
-13511.994218
-13920.907028
-12823.848590
-10614.792683
-7701.350740
-4768.470880
-1753.900474
1383.548738
4753.411622
7000.320464
7595.400605
6523.824112
5158.529985
4200.079132
3187.905754
1540.035559
-483.987534
-2269.511598
-3499.135569
-3879.029932
-3850.790233
-3838.245812
-4171.154036
-4487.905523
-4543.569509
-3863.195174
-2766.573590
-1817.294412
-1344.906197
-738.083246
381.169481
1719.648043
2663.763386
2881.866494
2545.404561
1888.479280
1245.627596
500.281073
-482.270259
-1579.872193
-2405.003955
-2935.481024
-2936.225867
-2369.036410
-1470.931841
-570.684812
337.382053
1350.302960
2368.500104
3140.844565
3423.126644
3313.985696
2999.197895
2568.390596
1983.688937
1233.913639
433.737125
-198.782362
-680.403975
-1036.150281
-1121.268439
-851.855201
-542.825057
-118.000957
566.526492
1343.423595
2121.876457
2823.493428
3395.216368
3886.569487
4221.794981
4232.391852
4412.237067
4613.912037
4599.155766
4213.809118
3809.523034
3632.535518
3494.569481
3014.624061
2358.192413
1458.657735
429.320567
-363.435945
-2804.481514
-6342.101113
-7876.018687
-6773.397973
-6785.974238
-8038.457095
-8197.016743
-5587.640435
-2010.121902
386.348641
2092.133500
3414.460810
5245.244115
6227.296636
6080.025701
5170.305031
4482.104156
3067.549740
755.395922
-1042.877957
-1737.909558
-2168.161625
-2902.763532
-3330.383068
-3548.692660
-3252.486305
-2595.590274
-1850.824661
-1649.782918
-1678.384755
-1540.419841
-1059.366588
-396.827018
159.862500
551.330357
991.320369
1666.880685
2245.091616
2635.409648
2888.328492
2933.816455
2367.270217
1478.806353
671.752387
-26.148643
-863.019952
-1832.660479
-2599.752112
-2982.061422
-2900.034768
-2578.121777
-2042.442567
-1408.969458
-740.773471
-90.326119
555.434190
1170.700070
1499.197896
1452.251148
1175.574958
981.692573
743.621515
345.912525
-9.194165
-229.768200
-465.288058
-645.752836
-696.453018
-688.567877
-702.518732
-720.326716
-712.205598
-716.007808
-634.576318
-485.596187
-344.890680
-226.934346
-42.362454
152.791377
309.055319
425.707661
478.981605
439.241359
327.945770
201.566944
35.611024
-144.402257
-288.851532
-385.265700
-454.198897
-451.440303
-371.362594
-245.475020
-96.747130
60.601362
210.346958
335.061564
430.328856
470.607360
469.202277
436.856601
368.796948
255.884102
142.782035
50.480000
